n = 20
m = 80
sigma =
0 0 1 0 0 1 1 0 0 1 1 1 0 0 0 1 0 1 0 1
0 0 1 1 0 1 1 0 1 0 0 1 1 0 0 0 0 0 0 1
1 1 0 1 0 0 1 0 0 0 0 0 0 1 0 0 0 0 1 1
0 0 0 1 1 1 1 0 1 1 0 0 1 1 1 1 0 0 1 1
1 1 1 0 0 0 1 1 0 0 1 0 1 1 0 0 0 1 1 0
1 1 1 0 1 0 0 1 0 1 0 0 1 0 0 0 1 1 0 0
0 1 1 0 1 1 1 1 0 1 1 0 0 1 1 0 0 0 1 1
0 1 0 1 0 0 1 1 1 1 1 1 0 1 0 0 1 0 0 1
1 1 0 1 1 1 1 0 1 0 1 0 0 0 1 0 1 1 1 1
1 0 1 0 0 0 0 0 0 0 1 0 1 0 0 0 0 1 1 1
0 0 0 1 0 1 1 0 0 1 1 1 0 0 0 0 0 0 1 1
1 0 1 0 0 1 0 1 1 0 1 1 1 1 0 1 1 1 0 1
0 1 1 1 0 0 0 0 0 0 1 0 1 0 0 0 1 0 0 1
1 1 1 0 1 0 0 1 0 1 0 1 1 1 1 1 1 0 0 0
1 0 1 0 0 1 0 0 0 1 0 1 0 0 0 0 1 0 1 1
0 0 1 1 0 0 0 0 0 1 0 0 1 0 0 1 0 1 0 0
0 1 1 1 1 0 1 1 1 0 0 1 1 0 1 1 1 1 0 0
0 1 1 0 0 0 1 0 1 1 0 0 1 0 0 1 1 1 1 1
0 1 1 1 0 1 1 1 0 1 1 1 0 0 0 0 1 1 0 0
1 1 0 0 0 0 1 0 0 1 1 1 1 1 0 0 0 1 0 1
0 0 1 1 0 0 0 0 0 1 1 1 1 0 0 1 0 1 0 0
0 1 1 1 1 0 0 0 0 1 0 0 0 1 1 1 0 1 0 0
0 1 1 0 0 1 1 1 0 0 0 1 1 1 0 0 1 0 1 0
1 0 0 1 1 1 1 1 0 1 1 1 0 1 1 1 0 0 1 0
1 0 1 0 1 1 0 1 1 1 1 0 1 0 0 0 0 1 1 0
1 0 1 1 1 0 0 1 0 0 1 0 1 1 1 0 1 1 0 0
0 0 1 0 0 0 0 1 0 1 0 1 1 0 1 0 1 1 1 0
1 0 1 1 1 1 1 1 0 0 0 1 0 1 0 0 1 1 0 0
0 0 1 0 1 1 0 1 0 1 1 0 1 1 0 1 1 0 0 1
1 1 0 1 1 1 1 1 1 0 0 1 1 0 0 0 1 1 1 1
0 0 0 0 1 1 0 0 0 0 0 1 1 0 0 0 1 1 1 0
1 0 1 1 1 0 0 1 0 0 0 0 0 0 0 1 0 0 1 1
1 1 0 1 1 0 0 0 1 0 1 0 0 1 0 0 0 0 0 1
1 0 1 1 1 0 0 0 1 1 0 0 1 1 0 1 1 1 1 1
1 1 0 0 1 1 1 0 0 1 0 1 1 1 1 1 1 1 0 1
0 1 1 0 0 1 0 1 1 0 0 0 0 1 0 0 0 0 0 1
1 0 0 1 0 1 1 0 1 0 0 1 1 0 1 0 1 1 0 0
0 1 0 0 1 1 0 0 0 0 1 1 0 0 0 1 0 0 1 1
0 0 1 0 0 1 1 1 0 1 1 0 0 1 1 0 0 1 1 0
1 0 1 0 0 1 1 0 1 1 1 0 1 1 0 1 1 0 0 1
1 0 0 1 1 1 0 1 0 0 0 1 1 1 0 1 0 0 0 0
0 0 1 0 1 0 1 1 1 1 0 0 0 0 1 1 1 0 1 0
1 1 1 1 1 0 1 0 0 0 0 0 0 0 0 1 1 0 0 0
1 1 0 0 1 1 0 0 0 0 1 1 0 0 0 1 0 0 0 1
0 1 0 0 0 1 0 0 1 1 1 0 1 0 1 1 1 0 0 0
0 0 0 0 0 0 1 1 0 0 0 0 1 1 0 1 1 0 0 0
0 1 0 1 0 1 0 0 1 1 1 0 1 1 1 1 1 1 1 1
1 0 0 1 0 0 1 1 1 1 1 1 0 1 0 1 1 0 1 1
0 1 0 1 1 0 1 0 0 0 1 1 0 1 1 1 0 1 0 1
1 0 1 0 1 0 1 1 1 0 0 0 1 0 0 0 0 0 0 0
0 0 0 1 1 0 1 1 0 0 0 1 0 1 0 1 1 0 0 1
1 0 0 1 0 1 0 0 0 1 0 1 0 1 1 0 1 1 1 1
0 0 0 1 1 0 0 1 0 0 1 0 1 0 1 1 1 1 1 0
0 0 1 0 1 1 0 1 0 1 1 0 1 0 1 0 1 0 0 1
0 1 1 0 0 0 0 0 1 0 1 0 0 0 1 0 1 1 1 0
1 0 1 0 1 0 0 0 1 1 0 1 1 1 1 1 1 1 0 0
1 0 0 0 1 1 1 1 1 0 1 0 1 0 1 1 1 1 1 1
0 1 0 1 0 0 0 0 0 0 1 0 1 1 0 0 1 0 0 0
0 0 0 0 1 0 1 1 1 1 0 1 1 1 1 1 0 0 1 0
0 1 1 1 0 1 0 0 0 1 0 1 1 1 1 1 0 0 0 0
0 1 1 0 0 0 1 1 1 0 0 0 0 1 0 0 0 1 1 0
1 1 1 1 1 0 0 0 1 1 1 1 0 0 0 0 0 0 1 1
0 1 0 0 1 0 0 0 1 1 1 1 0 1 1 1 0 1 1 0
0 0 0 1 0 1 1 1 1 1 0 1 1 1 0 1 1 0 1 1
0 1 1 1 1 1 0 0 0 1 1 1 0 1 1 1 0 0 1 1
1 0 0 0 1 0 1 1 0 1 0 1 1 0 1 1 1 1 1 1
1 1 0 0 1 1 0 1 0 0 0 1 1 1 0 0 0 1 0 0
1 0 0 1 1 0 1 0 1 0 1 0 1 1 1 1 1 1 1 0
0 1 1 0 0 1 0 0 1 1 1 0 1 1 0 1 0 0 0 0
0 0 1 1 1 0 1 0 1 0 1 0 1 0 1 0 1 1 1 0
0 0 0 0 1 0 1 1 0 1 0 0 0 1 0 0 0 1 0 1
1 0 1 1 0 0 0 1 0 1 1 1 1 1 0 0 1 1 0 0
1 1 0 0 1 0 0 1 1 1 0 1 0 1 1 0 0 1 1 0
1 0 0 1 0 0 0 1 0 1 1 1 0 0 1 1 0 1 1 0
1 0 0 1 0 0 0 1 1 1 0 0 1 1 0 1 1 1 1 1
0 1 1 0 0 0 0 1 1 1 1 0 0 1 1 1 1 0 1 0
0 0 0 1 1 1 1 0 0 0 1 0 0 0 0 1 0 0 1 1
1 0 0 0 0 1 0 0 1 1 1 0 0 0 0 0 1 1 0 0
0 0 0 1 1 1 0 0 1 1 0 1 1 0 1 1 1 0 1 1
1 0 0 1 0 1 0 0 1 1 1 0 1 0 0 1 0 1 0 1
